437 433 216 216 216 216 216 192 192 192 192 192 192 192 192 168 168 168 168 168 168 168 168 168 168 168 168 168 168 139 139 139 139 139 139 139 139 139 139 139 74 74 74 59 0
433 435 216 216 216 216 216 192 192 192 192 192 192 192 192 168 168 168 168 168 168 168 168 168 168 168 168 168 168 139 139 139 139 139 139 139 139 139 139 139 74 74 74 59 0
216 216 386 346 346 317 260 192 192 192 192 192 192 192 192 168 168 168 168 168 168 168 168 168 168 168 168 168 168 139 139 139 139 139 139 139 139 139 139 139 74 74 74 59 0
216 216 346 405 393 317 260 192 192 192 192 192 192 192 192 168 168 168 168 168 168 168 168 168 168 168 168 168 168 139 139 139 139 139 139 139 139 139 139 139 74 74 74 59 0
216 216 346 393 408 317 260 192 192 192 192 192 192 192 192 168 168 168 168 168 168 168 168 168 168 168 168 168 168 139 139 139 139 139 139 139 139 139 139 139 74 74 74 59 0
216 216 317 317 317 382 260 192 192 192 192 192 192 192 192 168 168 168 168 168 168 168 168 168 168 168 168 168 168 139 139 139 139 139 139 139 139 139 139 139 74 74 74 59 0
216 216 260 260 260 260 428 192 192 192 192 192 192 192 192 168 168 168 168 168 168 168 168 168 168 168 168 168 168 139 139 139 139 139 139 139 139 139 139 139 74 74 74 59 0
192 192 192 192 192 192 192 500 451 368 349 230 230 230 230 168 168 168 168 168 168 168 168 168 168 168 168 168 168 139 139 139 139 139 139 139 139 139 139 139 74 74 74 59 0
192 192 192 192 192 192 192 451 470 368 349 230 230 230 230 168 168 168 168 168 168 168 168 168 168 168 168 168 168 139 139 139 139 139 139 139 139 139 139 139 74 74 74 59 0
192 192 192 192 192 192 192 368 368 466 349 230 230 230 230 168 168 168 168 168 168 168 168 168 168 168 168 168 168 139 139 139 139 139 139 139 139 139 139 139 74 74 74 59 0
192 192 192 192 192 192 192 349 349 349 448 230 230 230 230 168 168 168 168 168 168 168 168 168 168 168 168 168 168 139 139 139 139 139 139 139 139 139 139 139 74 74 74 59 0
192 192 192 192 192 192 192 230 230 230 230 507 506 406 375 168 168 168 168 168 168 168 168 168 168 168 168 168 168 139 139 139 139 139 139 139 139 139 139 139 74 74 74 59 0
192 192 192 192 192 192 192 230 230 230 230 506 530 406 375 168 168 168 168 168 168 168 168 168 168 168 168 168 168 139 139 139 139 139 139 139 139 139 139 139 74 74 74 59 0
192 192 192 192 192 192 192 230 230 230 230 406 406 423 375 168 168 168 168 168 168 168 168 168 168 168 168 168 168 139 139 139 139 139 139 139 139 139 139 139 74 74 74 59 0
192 192 192 192 192 192 192 230 230 230 230 375 375 375 554 168 168 168 168 168 168 168 168 168 168 168 168 168 168 139 139 139 139 139 139 139 139 139 139 139 74 74 74 59 0
168 168 168 168 168 168 168 168 168 168 168 168 168 168 168 540 302 302 302 302 257 257 214 205 205 205 205 205 205 139 139 139 139 139 139 139 139 139 139 139 74 74 74 59 0
168 168 168 168 168 168 168 168 168 168 168 168 168 168 168 302 398 374 324 324 257 257 214 205 205 205 205 205 205 139 139 139 139 139 139 139 139 139 139 139 74 74 74 59 0
168 168 168 168 168 168 168 168 168 168 168 168 168 168 168 302 374 397 324 324 257 257 214 205 205 205 205 205 205 139 139 139 139 139 139 139 139 139 139 139 74 74 74 59 0
168 168 168 168 168 168 168 168 168 168 168 168 168 168 168 302 324 324 392 375 257 257 214 205 205 205 205 205 205 139 139 139 139 139 139 139 139 139 139 139 74 74 74 59 0
168 168 168 168 168 168 168 168 168 168 168 168 168 168 168 302 324 324 375 382 257 257 214 205 205 205 205 205 205 139 139 139 139 139 139 139 139 139 139 139 74 74 74 59 0
168 168 168 168 168 168 168 168 168 168 168 168 168 168 168 257 257 257 257 257 357 348 214 205 205 205 205 205 205 139 139 139 139 139 139 139 139 139 139 139 74 74 74 59 0
168 168 168 168 168 168 168 168 168 168 168 168 168 168 168 257 257 257 257 257 348 354 214 205 205 205 205 205 205 139 139 139 139 139 139 139 139 139 139 139 74 74 74 59 0
168 168 168 168 168 168 168 168 168 168 168 168 168 168 168 214 214 214 214 214 214 214 360 205 205 205 205 205 205 139 139 139 139 139 139 139 139 139 139 139 74 74 74 59 0
168 168 168 168 168 168 168 168 168 168 168 168 168 168 168 205 205 205 205 205 205 205 205 366 243 243 243 243 243 139 139 139 139 139 139 139 139 139 139 139 74 74 74 59 0
168 168 168 168 168 168 168 168 168 168 168 168 168 168 168 205 205 205 205 205 205 205 205 243 637 633 628 475 410 139 139 139 139 139 139 139 139 139 139 139 74 74 74 59 0
168 168 168 168 168 168 168 168 168 168 168 168 168 168 168 205 205 205 205 205 205 205 205 243 633 640 628 475 410 139 139 139 139 139 139 139 139 139 139 139 74 74 74 59 0
168 168 168 168 168 168 168 168 168 168 168 168 168 168 168 205 205 205 205 205 205 205 205 243 628 628 636 475 410 139 139 139 139 139 139 139 139 139 139 139 74 74 74 59 0
168 168 168 168 168 168 168 168 168 168 168 168 168 168 168 205 205 205 205 205 205 205 205 243 475 475 475 514 410 139 139 139 139 139 139 139 139 139 139 139 74 74 74 59 0
168 168 168 168 168 168 168 168 168 168 168 168 168 168 168 205 205 205 205 205 205 205 205 243 410 410 410 410 452 139 139 139 139 139 139 139 139 139 139 139 74 74 74 59 0
139 139 139 139 139 139 139 139 139 139 139 139 139 139 139 139 139 139 139 139 139 139 139 139 139 139 139 139 139 332 328 282 282 263 263 235 211 187 187 154 74 74 74 59 0
139 139 139 139 139 139 139 139 139 139 139 139 139 139 139 139 139 139 139 139 139 139 139 139 139 139 139 139 139 328 337 282 282 263 263 235 211 187 187 154 74 74 74 59 0
139 139 139 139 139 139 139 139 139 139 139 139 139 139 139 139 139 139 139 139 139 139 139 139 139 139 139 139 139 282 282 584 439 263 263 235 211 187 187 154 74 74 74 59 0
139 139 139 139 139 139 139 139 139 139 139 139 139 139 139 139 139 139 139 139 139 139 139 139 139 139 139 139 139 282 282 439 734 263 263 235 211 187 187 154 74 74 74 59 0
139 139 139 139 139 139 139 139 139 139 139 139 139 139 139 139 139 139 139 139 139 139 139 139 139 139 139 139 139 263 263 263 263 370 287 235 211 187 187 154 74 74 74 59 0
139 139 139 139 139 139 139 139 139 139 139 139 139 139 139 139 139 139 139 139 139 139 139 139 139 139 139 139 139 263 263 263 263 287 416 235 211 187 187 154 74 74 74 59 0
139 139 139 139 139 139 139 139 139 139 139 139 139 139 139 139 139 139 139 139 139 139 139 139 139 139 139 139 139 235 235 235 235 235 235 328 211 187 187 154 74 74 74 59 0
139 139 139 139 139 139 139 139 139 139 139 139 139 139 139 139 139 139 139 139 139 139 139 139 139 139 139 139 139 211 211 211 211 211 211 211 264 187 187 154 74 74 74 59 0
139 139 139 139 139 139 139 139 139 139 139 139 139 139 139 139 139 139 139 139 139 139 139 139 139 139 139 139 139 187 187 187 187 187 187 187 187 302 211 154 74 74 74 59 0
139 139 139 139 139 139 139 139 139 139 139 139 139 139 139 139 139 139 139 139 139 139 139 139 139 139 139 139 139 187 187 187 187 187 187 187 187 211 277 154 74 74 74 59 0
139 139 139 139 139 139 139 139 139 139 139 139 139 139 139 139 139 139 139 139 139 139 139 139 139 139 139 139 139 154 154 154 154 154 154 154 154 154 154 216 74 74 74 59 0
74 74 74 74 74 74 74 74 74 74 74 74 74 74 74 74 74 74 74 74 74 74 74 74 74 74 74 74 74 74 74 74 74 74 74 74 74 74 74 74 400 274 99 59 0
74 74 74 74 74 74 74 74 74 74 74 74 74 74 74 74 74 74 74 74 74 74 74 74 74 74 74 74 74 74 74 74 74 74 74 74 74 74 74 74 274 316 99 59 0
74 74 74 74 74 74 74 74 74 74 74 74 74 74 74 74 74 74 74 74 74 74 74 74 74 74 74 74 74 74 74 74 74 74 74 74 74 74 74 74 99 99 252 59 0
59 59 59 59 59 59 59 59 59 59 59 59 59 59 59 59 59 59 59 59 59 59 59 59 59 59 59 59 59 59 59 59 59 59 59 59 59 59 59 59 59 59 59 157 0
0 0 0 0 0 0 0 0 0 0 0 0 0 0 0 0 0 0 0 0 0 0 0 0 0 0 0 0 0 0 0 0 0 0 0 0 0 0 0 0 0 0 0 0 85
