1.119644 0.669767 0.000000 0.108701 0.216605 0.108701 0.390257 0.041649 0.041649 0.041649 0.390257 0.041649 
0.669767 1.119644 0.000000 0.108701 0.216605 0.108701 0.390257 0.041649 0.041649 0.041649 0.390257 0.041649 
0.000000 0.000000 1.119644 0.000000 0.000000 0.000000 0.000000 0.000000 0.000000 0.000000 0.000000 0.000000 
0.108701 0.108701 0.000000 1.119644 0.108701 0.216605 0.108701 0.041649 0.041649 0.041649 0.108701 0.041649 
0.216605 0.216605 0.000000 0.108701 1.119644 0.108701 0.216605 0.041649 0.041649 0.041649 0.216605 0.041649 
0.108701 0.108701 0.000000 0.216605 0.108701 1.119644 0.108701 0.041649 0.041649 0.041649 0.108701 0.041649 
0.390257 0.390257 0.000000 0.108701 0.216605 0.108701 1.119644 0.041649 0.041649 0.041649 0.669767 0.041649 
0.041649 0.041649 0.000000 0.041649 0.041649 0.041649 0.041649 1.119644 0.216605 0.216605 0.041649 0.108701 
0.041649 0.041649 0.000000 0.041649 0.041649 0.041649 0.041649 0.216605 1.119644 0.390257 0.041649 0.108701 
0.041649 0.041649 0.000000 0.041649 0.041649 0.041649 0.041649 0.216605 0.390257 1.119644 0.041649 0.108701 
0.390257 0.390257 0.000000 0.108701 0.216605 0.108701 0.669767 0.041649 0.041649 0.041649 1.119644 0.041649 
0.041649 0.041649 0.000000 0.041649 0.041649 0.041649 0.041649 0.108701 0.108701 0.108701 0.041649 1.119644 
